  2.0000000e+000  1.5417500e+000  3.2625822e+000  2.9442498e+000  2.6272450e+000  4.4850024e+000  2.6549287e+000  4.3772627e+000  4.3078381e+000  4.5370017e+000  3.5046764e+000
  2.0000000e+000  2.5847166e+000  1.3341583e+000  3.1575663e+000  2.2458118e+000  3.6640258e+000  4.7591342e+000  4.5739813e+000  3.9221952e+000  3.0890299e+000  3.9620178e+000
  2.0000000e+000  4.8045293e+000  3.7444285e+000  3.7767139e+000  3.9823988e+000  3.3584783e+000  3.9893546e+000  5.0879351e+000  2.3386988e+000  1.8806195e+000  2.2311876e+000
  1.0000000e+000  3.0803386e+000  2.4996323e+000  2.1334564e+000  3.0166762e+000  6.2640749e-001  4.2893347e+000  3.1451294e+000  3.3188855e+000  3.7901819e+000  2.4860465e+000
  1.0000000e+000  3.0010919e+000  3.3193866e+000  1.5471104e+000  2.2659004e+000  3.5217210e+000  3.5928497e+000  4.0518639e+000  4.0468337e+000  9.1949396e-001  2.3906067e+000
  1.0000000e+000  3.1091582e+000  2.4146934e+000  2.1860406e+000  3.0081967e+000  4.1448905e+000  2.3548485e+000  3.5625891e+000  2.4088977e+000  2.6598389e+000  3.7846033e+000
  2.0000000e+000  1.5437929e+000  3.2902455e+000  2.8585880e+000  4.0675237e+000  1.7807871e+000  2.1141849e+000  9.3757941e-001  4.0180779e+000  1.7849427e+000  4.6052132e+000
  2.0000000e+000  1.9568349e+000  4.2059558e+000  3.8903760e+000  3.1525928e+000  3.1433088e+000  3.3297777e+000  2.5200064e+000  3.5637594e+000  2.1391426e+000  3.6823105e+000
  2.0000000e+000  2.5929217e+000  4.4658670e+000  3.7053436e+000  3.2391619e+000  2.8777035e+000  3.2468735e+000  9.8323870e-001  1.9034326e+000  2.8290575e+000  1.2688911e+000
  2.0000000e+000  1.9850012e+000  3.3673169e+000  2.7698345e+000  2.6676647e+000  3.8091374e+000  2.1850981e+000  2.5504117e+000  4.4667699e+000  3.1740768e+000  3.2025550e+000
  2.0000000e+000  1.8100218e+000  2.7373355e+000  5.1171490e+000  3.2778702e+000  2.6022383e+000  3.6494716e+000  2.1859907e+000  3.3224731e+000  9.7509441e-002  2.3341427e+000
  2.0000000e+000  4.2677651e+000  2.0183866e+000  1.9951177e+000  2.5833105e+000  4.5182001e+000  3.8352960e+000  2.4712262e+000  3.4106706e+000  2.9784366e+000  3.1509253e+000
  2.0000000e+000  1.0288546e+000  3.5860386e+000  4.4849440e+000  3.0122014e+000  2.6869610e+000  4.5822532e+000  4.7222787e+000  4.1608288e+000  4.3125837e+000  2.2508850e+000
  2.0000000e+000  3.9289867e+000  4.2356357e+000  2.6624292e+000  4.3214567e+000  3.6018270e+000  3.6538689e+000  2.3292346e+000  2.6127780e+000  2.4914422e+000  4.5561886e+000
  1.0000000e+000  3.0357066e+000  3.0146935e+000  2.9574644e+000  3.5732411e+000  1.6546987e+000  3.2105185e+000  2.3828136e+000  3.1964894e+000  3.4729872e+000  2.1854212e+000
  1.0000000e+000  3.6235042e+000  3.0581398e+000  3.0694596e+000  4.3089723e-001  3.9903096e+000  2.7751546e+000  2.7891294e+000  4.3995551e+000  1.3613515e+000  4.4846001e+000
  1.0000000e+000  3.5305463e+000  2.5542404e+000  1.0410095e+000  3.3742462e+000  5.5324914e-001  2.1073451e+000  5.7860779e-001  2.5533898e+000  4.7527608e+000  2.5509231e+000
  2.0000000e+000  1.9041929e+000  2.0205625e+000  3.2383925e+000  3.5640591e+000  5.0243706e+000  1.5466625e+000  4.7212154e-001  3.4860162e+000  2.0726579e+000  3.6026466e+000
  2.0000000e+000  2.8736076e+000  3.0981789e+000  2.8535258e+000  3.2009403e+000  2.9556271e+000  2.4882789e+000  4.1724646e+000  1.9216553e+000  2.6703119e+000  1.8572761e+000
  2.0000000e+000  3.1570295e+000  4.5179934e+000  9.8511030e-001  2.1791065e+000  2.0630104e+000  3.3128783e+000  3.3122576e+000  2.8815991e+000  1.6681453e+000  3.1979276e+000
  2.0000000e+000  6.3305031e-001  3.6050528e+000  2.0736358e+000  1.4629554e+000  2.3564768e+000  2.5339673e+000  3.4988288e+000  2.6495297e+000  3.5542832e+000  3.3850677e+000
  2.0000000e+000  2.9701630e+000  3.2718338e+000  4.2467343e+000  2.2867263e+000  2.8270481e+000  2.4539433e+000  2.5804413e+000  3.6415319e+000  3.0632963e+000  1.4702929e+000
  2.0000000e+000  3.1958081e+000  1.6512534e+000  3.4733345e+000  3.5849164e+000  2.0668592e+000  2.3645864e+000  3.1411986e+000  3.6445398e+000  3.1555715e+000  2.8633084e+000
  1.0000000e+000  3.4602969e+000  3.3778352e+000  2.2286051e+000  2.2103279e+000  2.1677114e+000  3.3237727e+000  1.8093544e+000  4.2229534e+000  3.2058354e+000  1.9580748e+000
  2.0000000e+000  4.3730606e+000  1.3899691e+000  3.2124737e+000  2.5519990e+000  2.1368277e+000  2.7705352e+000  2.3141971e+000  2.8748155e+000  2.5461369e+000  3.2490917e+000
  2.0000000e+000  2.8037702e+000  4.2141490e+000  2.8634044e+000  3.5204620e+000  3.5970494e+000  3.6304571e+000  4.5033307e+000  3.8790254e+000  1.0163132e+000  3.1889282e+000
  2.0000000e+000  2.0443821e+000  3.1656786e+000  3.1539534e+000  3.1523577e+000  4.3650105e+000  2.3372909e+000  2.2164381e+000  3.4030959e+000  3.1421178e+000  2.8775603e+000
  2.0000000e+000  4.0981207e+000  3.0792616e+000  2.5646896e+000  2.4475180e+000  2.5868512e+000  4.2168038e+000  2.1945929e+000  4.0661253e+000  5.4679708e+000  3.5989992e+000
  2.0000000e+000  2.5995982e+000  4.7622289e+000  4.3345698e+000  1.8549119e+000  2.6399987e+000  3.4132830e+000  3.8703648e+000  3.7148684e+000  4.0076765e+000  2.6218103e+000
  2.0000000e+000  3.4308552e+000  4.4757474e+000  3.0308755e+000  2.5878300e+000  3.0361604e+000  1.7922724e+000  1.5020332e+000  2.5088951e+000  2.0737407e+000  4.4178549e+000
  2.0000000e+000  1.6142072e+000  3.6746976e+000  2.4639653e+000  4.4563716e+000  4.2282069e+000  1.9487965e+000  1.6561736e+000  4.4168659e+000  2.2814906e+000  2.3298374e+000
  2.0000000e+000  3.9194067e+000  2.4268242e+000  1.4130587e+000  4.2575940e+000  5.1298339e+000  1.7446454e+000  1.7402144e+000  3.3325780e+000  2.8846917e+000  3.1801913e+000
  2.0000000e+000  2.1439275e+000  4.0883133e+000  3.4904591e+000  2.3373660e+000  2.9160467e+000  2.9749536e+000  4.2651432e+000  2.3518217e+000  3.3531970e+000  3.7088300e+000
  2.0000000e+000  2.8899494e+000  2.4012332e+000  3.4285221e+000  2.5175104e+000  2.7861805e+000  2.4123119e+000  2.6197224e+000  2.0594122e+000  2.2288809e+000  4.5255169e+000
  2.0000000e+000  3.9149603e+000  3.7606927e+000  2.1118502e+000  2.6904018e+000  2.8894616e+000  1.4643669e+000  3.2712820e+000  3.8472089e+000  5.3412039e+000  4.1678630e+000
  2.0000000e+000  1.8677928e+000  2.5822139e+000  1.1559171e+000  4.0199342e+000  3.0856410e+000  1.6862237e+000  1.1714031e+000  3.4251691e+000  2.7712185e+000  2.6781033e+000
  2.0000000e+000  2.0427152e+000  4.6559970e+000  2.0090839e+000  2.6229615e+000  2.9097458e+000  2.4388487e+000  2.4533135e+000  4.3498497e+000  2.2354891e+000  2.9914703e+000
  2.0000000e+000  3.4715370e+000  3.9373209e+000  1.7265712e+000  3.0477119e+000  2.7939595e+000  2.1070130e+000  3.6463857e+000  1.4999121e-001  2.2681766e+000  3.0855315e+000
  2.0000000e+000  2.4325666e+000  2.7151106e+000  3.3510405e+000  3.0440094e+000  4.0846773e+000  3.8417792e+000  1.2370126e+000  2.9598787e+000  4.0476523e+000  3.4646991e+000
  2.0000000e+000  2.9089760e+000  2.8994212e+000  3.0876108e+000  2.7887027e+000  2.2310814e+000  2.4574286e+000  3.2025914e+000  2.8515887e+000  3.7869680e+000  1.8046360e+000
  2.0000000e+000  2.2117202e+000  3.3429108e+000  1.9134714e+000  2.1129679e+000  2.2495127e+000  4.0736010e+000  2.4099605e+000  2.1396360e+000  4.7227196e+000  4.4825422e+000
  2.0000000e+000  3.8128085e+000  3.7567431e+000  3.3238639e+000  2.5664969e+000  4.0258077e+000  3.1328452e+000  3.5221495e+000  2.5121278e+000  5.1570933e+000  3.3079200e+000
  2.0000000e+000  2.6738441e+000  3.0287152e+000  3.9189312e+000  4.4396782e+000  3.9423000e+000  3.2329531e+000  4.2682301e+000  2.9146677e+000  1.5669558e+000  3.2455473e+000
  2.0000000e+000  1.5883920e+000  2.7878004e+000  2.8076114e+000  3.5887272e+000  2.2926847e+000  3.2529211e+000  3.8540573e+000  3.0759407e+000  2.4519146e+000  2.7792321e+000
  2.0000000e+000  1.9780979e+000  4.4577813e+000  3.9992001e+000  4.1380993e+000  2.8842408e+000  3.3544683e+000  2.5486230e+000  1.7217362e+000  1.7580015e+000  2.7281172e+000
  1.0000000e+000  3.7044934e+000  3.6597646e+000  3.8305709e+000  1.2962888e+000  3.2633329e+000  3.9576783e+000  2.6442858e+000  2.7437832e+000  1.7869367e+000  1.6388419e+000
  2.0000000e+000  5.0975752e+000  3.2789670e+000  3.5766682e+000  1.3527168e+000  4.2485540e+000  4.4065540e+000  1.6430072e+000  2.4418677e+000  3.1218145e+000  3.2843433e+000
  2.0000000e+000  1.3665735e+000  4.6691658e+000  2.0592931e+000  2.9336728e+000  4.3983646e+000  1.8185166e+000  2.6196042e+000  1.4769802e+000  2.9535878e+000  1.6562859e+000
  2.0000000e+000  3.5812622e+000  4.2050386e+000  2.5270276e+000  3.0150649e+000  4.7733166e+000  3.7931685e+000  5.3475220e+000  2.8719034e+000  2.1145928e+000  3.7075029e+000
  2.0000000e+000  3.6727520e+000  2.2382116e+000  3.7286075e+000  2.2659021e+000  3.4028487e+000  5.0430097e+000  3.8237032e+000  2.6386917e+000  3.7377470e+000  5.4402252e+000
  2.0000000e+000  1.9876764e+000  1.9266669e+000  3.1264912e+000  2.5591028e+000  3.5511881e+000  4.9277327e+000  1.9480793e+000  2.8319956e+000  2.5774870e+000  3.3013253e+000
  1.0000000e+000  3.3904054e+000  3.4996861e+000  4.4276638e+000  2.7486938e+000  3.6731661e+000  2.1880726e+000  3.0155969e+000  2.5770612e+000  4.0712293e+000  3.2464719e+000
  2.0000000e+000  4.0661747e+000  3.5018033e+000  2.1320188e+000  3.3344625e+000  3.7793883e+000  2.5455302e+000  4.1074938e+000  4.1391331e+000  1.0731853e+000  3.5012087e+000
  2.0000000e+000  2.4426368e+000  2.5739193e+000  3.0009986e+000  3.0183669e+000  2.9447932e+000  2.9045048e+000  2.0942912e+000  1.9638201e+000  2.2899568e+000  3.4638686e+000
  2.0000000e+000  2.8412093e+000  5.0372261e+000  3.9404080e+000  1.9828695e+000  3.8750711e+000  2.7213484e+000  2.2415048e+000  2.9961355e+000  2.4221902e+000  1.8076080e+000
  2.0000000e+000  4.5469695e+000  4.1995314e+000  2.7257286e+000  1.4421626e+000  2.7836152e+000  4.0453085e+000  4.2805679e+000  3.9980581e+000  2.7523283e+000  1.6569632e+000
  2.0000000e+000  2.5169237e+000  1.8665875e+000  4.8464184e+000  2.2704733e+000  3.4794994e+000  2.4683882e+000  4.3942247e+000  1.3268968e+000  2.0324342e+000  3.7586850e+000
  2.0000000e+000  2.4453178e+000  3.1115640e+000  2.7522844e+000  3.1881622e+000  3.3602487e+000  1.8694668e+000  2.1206347e+000  1.8858120e+000  2.8926623e+000  2.5533359e+000
  2.0000000e+000  3.2357842e+000  1.9044826e+000  2.5017737e+000  2.7988715e+000  9.5184068e-001  2.7200159e+000  1.3269524e+000  6.0262668e+000  2.8011109e+000  3.5903641e+000
  2.0000000e+000  3.5664342e+000  1.0833442e+000  5.1580324e+000  2.7900265e+000  3.3488789e+000  2.8527912e+000  3.5444059e+000  1.0339001e+000  1.8606943e+000  1.0137304e+000
  2.0000000e+000  3.3442962e+000  1.5779930e+000  1.9884303e+000  3.0215484e+000  3.2581041e+000  3.3876464e+000  3.2168686e+000  2.4546984e+000  1.8734978e+000  2.5711337e+000
  2.0000000e+000  3.3255749e+000  4.8534325e+000  1.9595669e+000  3.6568058e+000  2.4807448e+000  2.6858852e+000  3.4577716e+000  1.2704820e+000  1.2617579e+000  3.4129120e+000
  2.0000000e+000  1.9317367e+000  4.6170172e+000  4.2562304e+000  2.8235287e+000  4.3753128e+000  5.7041195e-001  2.1814823e+000  5.4854229e+000  2.4162320e+000  4.8278932e+000
  2.0000000e+000  4.8347753e-001  2.9804685e+000  3.3937375e+000  2.3699122e+000  4.7158531e+000  2.8861219e+000  4.8784757e+000  3.7492858e+000  3.3514389e+000  3.4661256e+000
  2.0000000e+000  2.3245046e+000  4.5345526e+000  1.1193544e+000  2.6723452e+000  3.4105735e+000  2.8260633e+000  3.9254549e+000  2.6025818e+000  3.4356027e+000  2.3513035e+000
  2.0000000e+000  1.3127684e+000  2.2385456e+000  4.2263356e+000  4.8437454e+000  4.9538419e+000  2.0676117e+000  2.6035924e+000  2.3462573e+000  2.5514401e+000  2.1504647e+000
  2.0000000e+000  1.7074881e+000  1.2151007e+000  2.3150955e+000  3.6725537e+000  2.8090285e+000  2.1513210e+000  3.3729696e+000  2.6331473e+000  4.7070444e+000  3.0230618e+000
  2.0000000e+000  2.9762409e+000  3.9533213e+000  3.4295100e+000  3.4545511e+000  4.1729401e+000  4.0680138e+000  2.7980943e+000  1.6607639e+000  3.4056748e+000  5.8712101e-001
  2.0000000e+000  1.5730538e+000  3.3162047e+000  4.1874825e+000  3.7264827e+000  3.3744805e+000  2.7275742e+000  4.0431541e+000  2.3265775e+000  3.8488482e+000  4.0893041e+000
  2.0000000e+000  1.2871183e+000  3.2836633e+000  2.4790586e+000  2.9673244e+000  2.9176909e+000  5.0573554e+000  4.1401232e+000  5.3012862e+000  2.4474026e+000  3.9231329e+000
  1.0000000e+000  3.8759096e+000  3.2368687e+000  2.4866322e+000  1.5941747e+000  2.0180433e+000  3.1541506e+000  2.2019237e+000  3.7523346e+000  3.1030551e+000  2.5558082e+000
  2.0000000e+000  4.1062811e+000  4.2606220e+000  2.1254534e+000  2.3379978e+000  3.7347885e+000  2.2662465e+000  2.4311365e+000  1.5579693e+000  1.1153645e+000  2.2654020e+000
  2.0000000e+000  2.9142192e+000  3.6291727e+000  1.8948912e+000  2.0834541e+000  2.0296506e+000  1.1611337e+000  4.4949785e+000  3.4918739e+000  1.5452475e+000  3.3882131e+000
  2.0000000e+000  2.4954076e+000  4.5984702e+000  1.7877846e+000  3.3649389e+000  2.1891543e+000  2.5284943e+000  4.6123853e+000  2.5897499e+000  3.1104073e+000  2.8188756e+000
  2.0000000e+000  6.1652520e+000  2.6981027e+000  2.3817166e+000  3.5298988e+000  2.4694710e+000  2.0305473e+000  4.1808892e+000  3.4842487e+000  3.4354605e+000  1.8526906e+000
  2.0000000e+000  3.1371420e+000  7.4687041e-001  2.3202347e+000  4.3720162e+000  3.4350774e+000  3.1776684e+000  3.4469163e+000  1.2239734e+000  3.0794726e+000  1.8736034e+000
  2.0000000e+000  2.1640386e+000  4.3994942e+000  2.4676587e+000  2.0572666e+000  2.6630987e+000  2.1158464e+000  2.1932266e+000  3.2795733e+000  2.0690364e+000  2.0764850e+000
  2.0000000e+000  2.3178036e+000  1.1606690e+000  3.1847351e+000  3.2160233e+000  1.4634254e+000  4.3669797e+000  3.8627031e+000  4.9223490e+000  2.9326310e+000  3.0568446e+000
  2.0000000e+000  7.3955802e-001  2.4541832e+000  2.8116728e+000  3.3952927e+000  2.8989752e+000  3.7716850e+000  2.8420320e+000  1.6988343e+000  1.9095448e+000  2.6134773e+000
  2.0000000e+000  2.7571494e+000  2.4470257e+000  2.7082872e+000  4.4331957e+000  4.6161058e+000  4.5327623e+000  3.8354521e+000  3.5297007e+000  3.0445107e+000  8.9228347e-001
  2.0000000e+000  2.4420900e+000  3.2249717e+000  3.4069806e+000  4.2305851e+000  2.3396071e+000  3.8694698e+000  2.4894593e+000  3.1374110e+000  2.6687120e+000  4.4133013e+000
  1.0000000e+000  3.2011481e+000  2.7200009e+000  2.3493241e+000  1.2280948e+000  2.0765063e+000  3.4927929e+000  4.3785901e+000  4.1269722e+000  1.6923501e+000  2.2609446e+000
  2.0000000e+000  2.0840664e+000  9.0892942e-001  3.6122785e+000  2.8215318e+000  2.4205597e+000  2.0617778e+000  8.4485771e-001  2.0499571e+000  3.8605077e+000  1.8284629e+000
  2.0000000e+000  2.1409186e+000  3.7536219e+000  3.6050063e+000  4.8811424e+000  3.1168129e+000  3.3994589e+000  4.0510722e+000  1.5397916e+000  4.1093403e+000  3.7853975e+000
  2.0000000e+000  4.9712972e+000  3.1989378e+000  3.6756356e+000  2.3664366e+000  3.0877860e+000  3.9186990e+000  3.6246532e+000  4.2135303e+000  2.6394743e+000  2.9692882e+000
  2.0000000e+000  2.5588782e+000 -1.5789575e-001  3.2985777e+000  1.6828264e+000  3.2730239e+000  4.4083821e+000  4.0611285e+000  2.6223506e+000  2.8473337e+000  3.5716451e+000
  2.0000000e+000  3.9633591e+000  3.7139707e+000  4.3683675e+000  4.7011762e+000  2.4648559e+000  3.2476249e+000  2.8891923e+000  3.4726774e+000  3.9205624e+000  3.7912112e+000
  2.0000000e+000  2.5231664e+000  3.9498953e+000  3.4399347e+000  2.9176427e+000  1.1963726e+000  2.9263488e+000  4.1606634e+000  7.5339756e-001  4.1441580e+000  3.4622365e+000
  2.0000000e+000  2.7012048e+000  6.4410989e+000  1.5982144e+000  2.9691859e+000  1.9155169e+000  4.0902255e+000  2.6956203e+000  2.5292436e+000  2.4101008e+000  5.4824882e+000
  1.0000000e+000  3.6941558e+000  2.4361330e+000  3.2015977e+000  1.7730103e+000  1.9234060e+000  4.1722652e+000  1.7961467e+000  5.0273080e+000  3.5698963e+000  2.0565921e+000
  2.0000000e+000  3.8991310e+000  2.0816095e+000  2.9718713e+000  3.6238931e+000  2.2738606e+000  3.9075352e+000  3.9436469e+000  3.4110676e+000  3.6273928e+000  3.6168827e+000
  2.0000000e+000  2.6754568e+000  2.4505675e+000  1.6995828e+000  1.7114534e+000  2.0293893e+000  4.7352615e+000  3.4238569e+000  3.8035145e+000  3.6840230e+000  3.6238823e+000
  2.0000000e+000  3.5390586e+000  4.9437091e+000  3.6414678e+000  4.1769289e+000  3.6727179e+000  1.8583701e+000  3.6174381e+000  1.1693474e+000  2.0226065e+000  3.2507732e+000
  2.0000000e+000  4.2139061e+000  4.1977005e+000  1.3811164e+000  2.7151309e+000  2.1768198e+000  2.2810938e+000  1.7372052e+000  2.4376185e+000  2.8673585e+000  2.9837088e+000
  2.0000000e+000  4.6742438e+000  7.5887900e-001  4.1103974e+000  4.2534630e+000  3.4879404e+000  3.4985969e+000  3.0415570e+000  2.7387944e+000  2.3766313e+000  3.0841432e+000
  1.0000000e+000  3.7979294e+000  2.4311031e+000  3.1950724e+000  1.7663559e+000  2.7154202e+000  4.5604391e+000  3.4389813e+000  3.9863341e+000  2.9156430e+000  4.6931483e+000
  2.0000000e+000  4.8820503e+000  4.8732514e+000  1.7706847e+000  4.0244922e+000  2.1882490e+000  2.3827810e+000  3.8805600e+000  2.8358281e+000  2.9499505e+000  3.4040283e+000
  2.0000000e+000  1.5886523e+000  2.1500631e+000  4.3482194e+000  4.0354990e+000  2.1297095e+000  4.3516326e+000  3.7050600e+000  2.8406145e+000  1.7025086e+000  1.3463446e+000
  2.0000000e+000  1.9292048e+000  4.9816347e+000  5.2807176e-001  2.3234533e+000  3.3045971e+000  3.1882453e+000  2.9538382e+000  2.4858512e+000  1.4233352e+000  2.4073753e+000
  2.0000000e+000  2.4959420e+000  4.0679523e+000  4.0910853e+000  2.5061035e+000  4.2428709e+000  2.6687536e+000  2.1159805e+000  2.1497468e+000  3.3460899e+000  5.5352902e+000
